# Created by Octave 3.8.1, Thu Nov 26 22:02:21 2015 EET <olk@MintPC>
# name: x
# type: matrix
# rows: 5
# columns: 1
 1
 1.7
 2
 2.2
 2.6


# name: y
# type: matrix
# rows: 5
# columns: 1
 0.1
 0.53
 0.79
 -2.1
 -3.2


