# Created by Octave 3.8.1, Thu Nov 26 20:32:53 2015 EET <olk@MintPC>
# name: x
# type: matrix
# rows: 5
# columns: 1
 14
 18
 31
 35
 38


# name: y
# type: matrix
# rows: 5
# columns: 1
 68
 64
 44
 39
 32


