# Created by Octave 3.8.1, Fri Nov 27 02:46:13 2015 EET <olk@MintPC>
# name: a
# type: scalar
0


# name: b
# type: scalar
0.7853981633974483


# name: f
# type: function handle
# octaveroot: /usr
# path: /home/olk/Documents/Development/University/2015-2016/NumericalMethods/lab4/func12.m
func12


