# Created by Octave 3.8.1, Fri Nov 27 02:51:15 2015 EET <olk@MintPC>
# name: a
# type: scalar
0


# name: b
# type: scalar
0.7853981633974483


# name: f
# type: function handle
# octaveroot: /usr
# path: /home/olk/Documents/Development/University/2015-2016/Numerical Methods/lab4/func5.m
func5


