# Created by Octave 3.8.1, Fri Nov 27 02:51:50 2015 EET <olk@MintPC>
# name: a
# type: scalar
1


# name: b
# type: scalar
2


# name: f
# type: function handle
# octaveroot: /usr
# path: /home/olk/Documents/Development/University/2015-2016/Numerical Methods/lab4/func19.m
func19


